name: restrorec
channels:
  - anaconda
  - conda-forge
  - defaults
dependencies:
  - asgiref=3.4.1=pyhd8ed1ab_0
  - blas=1.0=mkl
  - brotlipy=0.7.0=py36h2bbff1b_1003
  - ca-certificates=2021.7.5=haa95532_1
  - certifi=2021.5.30=py36haa95532_0
  - cffi=1.14.6=py36h2bbff1b_0
  - cryptography=3.4.7=py36h71e12ea_0
  - django=3.2.7=pyhd8ed1ab_0
  - icc_rt=2019.0.0=h0cc432a_1
  - idna=3.2=pyhd3eb1b0_0
  - intel-openmp=2020.2=254
  - joblib=0.17.0=py_0
  - mkl=2019.4=245
  - mkl-service=2.3.0=py36hb782905_0
  - mkl_fft=1.2.0=py36h45dec08_0
  - mkl_random=1.0.4=py36h343c172_0
  - numpy=1.19.1=py36h5510c5b_0
  - numpy-base=1.19.1=py36ha3acd2a_0
  - openssl=1.1.1l=h2bbff1b_0
  - pandas=1.1.3=py36ha925a31_0
  - pip=21.2.4=pyhd8ed1ab_0
  - pycparser=2.20=py_2
  - pyopenssl=20.0.1=pyhd3eb1b0_1
  - pysocks=1.7.1=py36haa95532_0
  - python=3.6.13=h39d44d4_1_cpython
  - python-dateutil=2.8.1=py_0
  - python_abi=3.6=2_cp36m
  - pytz=2021.1=pyhd8ed1ab_0
  - scikit-learn=0.23.2=py36h47e9c7a_0
  - scipy=1.5.2=py36h9439919_0
  - selenium=3.141.0=py36h2bbff1b_1000
  - setuptools=58.0.4=py36ha15d459_0
  - six=1.15.0=py_0
  - sqlparse=0.4.2=pyhd8ed1ab_0
  - threadpoolctl=2.1.0=pyh5ca1d4c_0
  - typing_extensions=3.10.0.0=pyha770c72_0
  - ucrt=10.0.20348.0=h57928b3_0
  - urllib3=1.26.6=pyhd3eb1b0_1
  - vc=14.2=hb210afc_5
  - vs2015_runtime=14.29.30037=h902a5da_5
  - wheel=0.37.0=pyhd8ed1ab_1
  - win_inet_pton=1.1.0=py36haa95532_0
  - pip:
    - click==8.0.1
    - colorama==0.4.4
    - django-crispy-forms==1.13.0
    - importlib-metadata==4.8.1
    - mysqlclient==2.0.3
    - nltk==3.6.3
    - regex==2021.9.30
    - tqdm==4.62.3
    - zipp==3.6.0
prefix: C:\Users\rajen\anaconda3\envs\restrorec
